# Residual bgd in counts/s as a function of log10(Energy/1 TeV)
-1.887887354572155063e+00 8.220050096580430932e+01
-1.874709144286192064e+00 8.220050096580430932e+01
-1.861530934000229287e+00 8.220050096580430932e+01
-1.848352723714266510e+00 8.220050096580430932e+01
-1.835174513428303733e+00 8.220050096580430932e+01
-1.821996303142340956e+00 8.220050096580430932e+01
-1.808818092856378179e+00 8.220050096580430932e+01
-1.795639882570415402e+00 8.220050096580430932e+01
-1.782461672284452625e+00 8.220050096580430932e+01
-1.769283461998489848e+00 8.220050096580430932e+01
-1.756105251712526849e+00 8.220050096580430932e+01
-1.742927041426564072e+00 8.220050096580430932e+01
-1.729748831140601295e+00 8.220050096580430932e+01
-1.716570620854638518e+00 8.220050096580430932e+01
-1.703392410568677962e+00 4.574042806127293943e+02
-1.702686435017642053e+00 8.241809991058202911e+01
-1.700097857997188822e+00 1.337957995052712704e+03
-1.700097857997188822e+00 1.289343419918458267e+03
-1.700097857997188600e+00 1.242495250698460040e+03
-1.700097857997188600e+00 1.197349305203620361e+03
-1.700097857997188600e+00 1.153843733298523148e+03
-1.700097857997188600e+00 1.111918932166466902e+03
-1.700097857997188378e+00 1.071517464653374873e+03
-1.700097857997188378e+00 1.032583980578634737e+03
-1.700097857997188378e+00 9.950651409051303062e+02
-1.700097857997188378e+00 9.589095446645302445e+02
-1.700097857997188378e+00 9.240676585377466381e+02
-1.700097857997188155e+00 8.904917489940791029e+02
-1.700097857997188155e+00 8.581358168960765624e+02
-1.700097857997188155e+00 8.269555344805255572e+02
-1.700097857997188155e+00 7.969081846292276623e+02
-1.700097857997187933e+00 7.679526023463679394e+02
-1.700097857997187933e+00 7.400491183622972358e+02
-1.700097857997187933e+00 7.131595047864664139e+02
-1.700097857997187933e+00 6.872469227350519532e+02
-1.700097857997187711e+00 6.622758718615376665e+02
-1.700097857997187711e+00 6.382121417210797745e+02
-1.700097857997187711e+00 6.150227649020646368e+02
-1.700097857997187711e+00 5.926759718606057277e+02
-1.700097857997187711e+00 5.711411473961441061e+02
-1.700097857997187489e+00 5.503887887084857766e+02
-1.700097857997187489e+00 5.303904649788499910e+02
-1.700097857997187489e+00 5.111187784195197992e+02
-1.700097857997187489e+00 4.925473267387631608e+02
-1.700097857997187267e+00 4.397660886157606797e+02
-1.700097857997187267e+00 4.237872300599917139e+02
-1.700097857997187045e+00 4.083889617938218066e+02
-1.700097857997187045e+00 3.935501881248897007e+02
-1.700097857997187045e+00 3.792505798707881581e+02
-1.700097857997187045e+00 3.654705465079989040e+02
-1.700097857997187045e+00 3.521912093327909474e+02
-1.700097857997186823e+00 3.393943755973212433e+02
-1.700097857997186823e+00 3.270625135854878067e+02
-1.700097857997186823e+00 3.151787285944107566e+02
-1.700097857997186823e+00 3.037267397886126332e+02
-1.700097857997186601e+00 2.926908578952105131e+02
-1.700097857997186601e+00 2.820559637095410039e+02
-1.700097857997186601e+00 2.718074873817912476e+02
-1.700097857997186601e+00 2.619313884562386079e+02
-1.700097857997186379e+00 2.524141366357706602e+02
-1.700097857997186379e+00 2.432426932453196287e+02
-1.700097857997186379e+00 2.344044933688228980e+02
-1.700097857997186379e+00 2.258874286352351817e+02
-1.700097857997186379e+00 2.176798306300091497e+02
-1.700097857997186157e+00 2.097704549093183175e+02
-1.700097857997186157e+00 2.021484655951218485e+02
-1.700097857997186157e+00 1.948034205299657913e+02
-1.700097857997186157e+00 1.877252569711834838e+02
-1.700097857997185935e+00 1.809042778048959974e+02
-1.700097857997185935e+00 1.743311382609242344e+02
-1.700097857997185935e+00 1.679968331104165316e+02
-1.700097857997185935e+00 1.618926843286445205e+02
-1.700097857997185935e+00 1.560103292060754256e+02
-1.700097857997185713e+00 1.503417088914221722e+02
-1.700097857997185713e+00 1.448790573509858177e+02
-1.700097857997185713e+00 1.396148907291540127e+02
-1.700097857997185713e+00 1.345419970954899895e+02
-1.700097857997185491e+00 1.296534265643549588e+02
-1.700097857997185491e+00 1.249424817735374660e+02
-1.700097857997185491e+00 1.204027087088379346e+02
-1.700097857997185491e+00 1.160278878620423768e+02
-1.700097857997185269e+00 1.118120257101698627e+02
-1.700097857997185269e+00 1.077493465043208545e+02
-1.700097857997185269e+00 1.038342843568768217e+02
-1.700097857997185269e+00 1.000614756162108421e+02
-1.700097857997185269e+00 9.642575151846226333e+01
-1.700097857997185047e+00 9.292213110630842721e+01
-1.700097857997185047e+00 8.954581440503218914e+01
-1.700097857997185047e+00 8.629217584653632400e+01
-1.698999673806690369e+00 4.710048426678461624e+02
-1.695156029139949005e+00 8.258167705031287653e+01
-1.686919647711226045e+00 1.344162307481456992e+03
-1.673741437425263268e+00 1.344162307481456992e+03
-1.660563227139300491e+00 1.344162307481456992e+03
-1.647385016853337492e+00 1.344162307481456992e+03
-1.634206806567374715e+00 1.344162307481456992e+03
-1.621028596281411938e+00 1.344162307481456992e+03
-1.607850385995449161e+00 1.344162307481456992e+03
-1.594672175709486384e+00 1.344162307481456992e+03
-1.581493965423523607e+00 1.344162307481456992e+03
-1.568315755137560608e+00 1.344162307481456992e+03
-1.555137544851597831e+00 1.344162307481456992e+03
-1.541959334565635054e+00 1.344162307481456992e+03
-1.528781124279672277e+00 1.344162307481456992e+03
-1.515602913993709500e+00 1.344162307481456992e+03
-1.502424703707746723e+00 1.337957995052712704e+03
-1.500777427422001375e+00 1.289343419918458267e+03
-1.500777427422001153e+00 1.242495250698460040e+03
-1.499836126687289495e+00 1.183971636874799287e+03
-1.485951940850292807e+00 1.180845733958932215e+03
-1.472773730564330030e+00 1.180845733958932215e+03
-1.459595520278367253e+00 1.180845733958932215e+03
-1.446417309992404476e+00 1.180845733958932215e+03
-1.433239099706441699e+00 1.180845733958932215e+03
-1.420060889420478922e+00 1.180845733958932215e+03
-1.406882679134515923e+00 1.180845733958932215e+03
-1.393704468848553146e+00 1.180845733958932215e+03
-1.380526258562590369e+00 1.180845733958932215e+03
-1.367348048276627592e+00 1.180845733958932215e+03
-1.354169837990664815e+00 1.180845733958932215e+03
-1.340991627704702038e+00 1.180845733958932215e+03
-1.327813417418739039e+00 1.180845733958932215e+03
-1.314635207132776262e+00 1.180845733958932215e+03
-1.301456996846813485e+00 1.175395249428267107e+03
-1.299809720561068138e+00 1.132687376029354027e+03
-1.299809720561068138e+00 1.091531289104943880e+03
-1.299809720561067916e+00 1.051870604642657327e+03
-1.299809720561067916e+00 1.013650987337781203e+03
-1.299809720561067916e+00 9.768200761536825212e+02
-1.299809720561067916e+00 9.413274125869534146e+02
-1.299809720561067694e+00 9.071243715390643274e+02
-1.299809720561067694e+00 8.741640946997590618e+02
-1.299809720561067694e+00 8.424014263509874354e+02
-1.299809720561067694e+00 8.117928515033669328e+02
-1.299809720561067472e+00 7.822964362804779057e+02
-1.299809720561067472e+00 7.538717704692635380e+02
-1.299809720561067472e+00 7.264799121578771519e+02
-1.299809720561067472e+00 7.000833343850949859e+02
-1.299809720561067472e+00 6.746458737282214315e+02
-1.299809720561067250e+00 6.501326807590488670e+02
-1.299809720561067250e+00 6.065456463422965498e+02
-1.298162444275321903e+00 6.221774634328328375e+02
-1.284984233989359126e+00 6.093582897183352998e+02
-1.271806023703396349e+00 6.093582897183352998e+02
-1.258627813417433572e+00 6.093582897183352998e+02
-1.245449603131470573e+00 6.093582897183352998e+02
-1.232271392845507796e+00 6.093582897183352998e+02
-1.219093182559545019e+00 6.093582897183352998e+02
-1.205914972273582242e+00 6.093582897183352998e+02
-1.192736761987619465e+00 6.093582897183352998e+02
-1.179558551701656688e+00 6.093582897183352998e+02
-1.166380341415693689e+00 6.093582897183352998e+02
-1.153202131129730912e+00 6.093582897183352998e+02
-1.140023920843768135e+00 6.093582897183352998e+02
-1.126845710557805358e+00 6.093582897183352998e+02
-1.113667500271842581e+00 6.093582897183352998e+02
-1.100489289985879804e+00 6.093582897183352998e+02
-1.100489289985879804e+00 5.872173148381591545e+02
-1.100489289985879582e+00 5.658808301518753296e+02
-1.100489289985879582e+00 5.378032341277337309e+02
-1.087311079699916583e+00 5.334666203943291976e+02
-1.074132869413953806e+00 5.328499653264868812e+02
-1.060954659127991029e+00 5.328499653264868812e+02
-1.047776448842028252e+00 5.328499653264868812e+02
-1.034598238556065475e+00 5.328499653264868812e+02
-1.021420028270102698e+00 5.328499653264868812e+02
-1.008241817984139699e+00 5.328499653264868812e+02
-9.950636076981769218e-01 5.328499653264868812e+02
-9.818853974122141448e-01 5.328499653264868812e+02
-9.687071871262513678e-01 5.328499653264868812e+02
-9.555289768402885908e-01 5.328499653264868812e+02
-9.423507665543258138e-01 5.328499653264868812e+02
-9.291725562683628148e-01 5.328499653264868812e+02
-9.159943459824000378e-01 5.328499653264868812e+02
-9.028161356964372608e-01 5.303904649788499910e+02
-8.995215831249465666e-01 5.111187784195197992e+02
-8.995215831249465666e-01 4.925473267387631608e+02
-8.995215831249463445e-01 4.746506669695797882e+02
-8.995215831249463445e-01 4.574042806127293943e+02
-8.995215831249463445e-01 4.407845400462847465e+02
-8.995215831249463445e-01 4.247686761556899455e+02
-8.995215831249461225e-01 4.093347471399778783e+02
-8.995215831249461225e-01 3.944616084514101431e+02
-8.995215831249461225e-01 3.801288838273584361e+02
-8.995215831249461225e-01 3.663169373747365398e+02
-8.995215831249461225e-01 3.530068466687487785e+02
-8.995215831249459004e-01 3.401803768290823768e+02
-8.995215831249459004e-01 3.278199555380507491e+02
-8.995215831249459004e-01 3.159086489664384771e+02
-8.995215831249459004e-01 3.044301385740895398e+02
-8.995215831249456784e-01 2.933686987534332502e+02
-8.995215831249456784e-01 2.827091752853406774e+02
-8.995215831249456784e-01 2.724369645777762230e+02
-8.995215831249456784e-01 2.625379936588182090e+02
-8.995215831249454563e-01 2.529987008966266160e+02
-8.995215831249454563e-01 2.410023823525493754e+02
-8.945797542677105252e-01 5.303904649788499910e+02
-8.863433728389826793e-01 2.415605182057238665e+02
-8.731651625530199023e-01 2.415605182057238665e+02
-8.599869522670571254e-01 2.415605182057238665e+02
-8.468087419810941263e-01 2.415605182057238665e+02
-8.336305316951313493e-01 2.415605182057238665e+02
-8.204523214091685723e-01 2.415605182057238665e+02
-8.072741111232057953e-01 2.415605182057238665e+02
-7.940959008372430183e-01 2.415605182057238665e+02
-7.809176905512802414e-01 2.415605182057238665e+02
-7.677394802653172423e-01 2.415605182057238665e+02
-7.545612699793544653e-01 2.415605182057238665e+02
-7.413830596933916883e-01 2.415605182057238665e+02
-7.282048494074286893e-01 2.415605182057238665e+02
-7.150266391214659123e-01 2.415605182057238665e+02
-7.018484288355031353e-01 2.415605182057238665e+02
-7.002011525497580102e-01 2.327834399975855320e+02
-7.002011525497580102e-01 2.243252760824124152e+02
-7.002011525497580102e-01 2.161744387400256926e+02
-7.002011525497580102e-01 2.083197612889462675e+02
-7.002011525497580102e-01 2.007504827879929223e+02
-7.002011525497575661e-01 1.934562332937477720e+02
-7.002011525497575661e-01 1.864270196536902802e+02
-7.002011525497575661e-01 1.796532118155360251e+02
-7.002011525497575661e-01 1.731255296340246730e+02
-7.002011525497575661e-01 1.668350301570817464e+02
-7.002011525497575661e-01 1.607730953739370250e+02
-7.002011525497575661e-01 1.549314204084124356e+02
-7.002011525497575661e-01 1.493020021412086180e+02
-7.002011525497575661e-01 1.438771282455954292e+02
-7.002011525497571220e-01 1.386493666214942948e+02
-6.985538762640115529e-01 1.329948381488533187e+02
-6.985538762640115529e-01 1.290549792180892723e+02
-6.853756659780487759e-01 1.299536900934789401e+02
-6.721974556920859989e-01 1.299536900934789401e+02
-6.590192454061232219e-01 1.299536900934789401e+02
-6.458410351201604449e-01 1.299536900934789401e+02
-6.326628248341976679e-01 1.299536900934789401e+02
-6.194846145482348909e-01 1.299536900934789401e+02
-6.063064042622721139e-01 1.299536900934789401e+02
-5.931281939763093369e-01 1.299536900934789401e+02
-5.799499836903465599e-01 1.299536900934789401e+02
-5.667717734043833389e-01 1.299536900934789401e+02
-5.535935631184205619e-01 1.299536900934789401e+02
-5.404153528324577849e-01 1.299536900934789401e+02
-5.272371425464950079e-01 1.299536900934789401e+02
-5.140589322605322309e-01 1.299536900934789401e+02
-5.018690877460163513e-01 1.293538568068881034e+02
-4.992334456888243288e-01 1.252318352561946284e+02
-4.992334456888243288e-01 1.206815485605178822e+02
-4.992334456888243288e-01 1.162965960945160049e+02
-4.992334456888243288e-01 1.120709704548470995e+02
-4.992334456888243288e-01 1.079988825165922322e+02
-4.992334456888243288e-01 1.040747535021298518e+02
-4.992334456888238847e-01 1.002932073381870737e+02
-4.992334456888238847e-01 9.664906329059651569e+01
-4.992334456888238847e-01 9.313732886666882393e+01
-4.992334456888238847e-01 8.975319297545654251e+01
-4.992334456888238847e-01 8.649201933653931462e+01
-4.992334456888238847e-01 8.334934012830026973e+01
-4.992334456888238847e-01 8.032084986699125295e+01
-4.992334456888238847e-01 7.740239950820246406e+01
-4.992334456888234406e-01 7.458999076265381234e+01
-4.992334456888234406e-01 6.958923231636066475e+01
-4.975861694030778715e-01 7.138267714215419346e+01
-4.844079591171150945e-01 6.958923231636066475e+01
-4.712297488311523175e-01 6.958923231636066475e+01
-4.580515385451895405e-01 6.958923231636066475e+01
-4.448733282592267635e-01 6.958923231636066475e+01
-4.316951179732639865e-01 6.958923231636066475e+01
-4.185169076873012095e-01 6.958923231636066475e+01
-4.053386974013379884e-01 6.958923231636066475e+01
-3.921604871153752114e-01 6.958923231636066475e+01
-3.789822768294124344e-01 6.958923231636066475e+01
-3.658040665434496574e-01 6.958923231636066475e+01
-3.526258562574868805e-01 6.958923231636066475e+01
-3.394476459715241035e-01 6.958923231636066475e+01
-3.262694356855613265e-01 6.958923231636066475e+01
-3.130912253995985495e-01 6.958923231636066475e+01
-2.999130151136357725e-01 6.926802606279733254e+01
-2.999130151136357725e-01 6.675117899444180125e+01
-2.999130151136357725e-01 6.432578132237405555e+01
-2.999130151136357725e-01 6.198851024157089284e+01
-2.999130151136357725e-01 5.973616368081018635e+01
-2.999130151136357725e-01 5.756565591581986752e+01
-2.999130151136357725e-01 5.547401334182266908e+01
-2.999130151136353284e-01 5.345837039968504456e+01
-2.999130151136353284e-01 5.151596565008912876e+01
-2.999130151136353284e-01 4.964413799034918640e+01
-2.999130151136353284e-01 4.784032300868977927e+01
-2.999130151136353284e-01 4.610204947099082062e+01
-2.999130151136353284e-01 4.442693593518639972e+01
-2.999130151136353284e-01 4.281268748867917395e+01
-2.999130151136353284e-01 4.125709260430043201e+01
-2.999130151136353284e-01 3.975802011050843987e+01
-2.999130151136348843e-01 3.831341627167468289e+01
-2.999130151136348843e-01 3.649672731446679563e+01
-2.867348048276721073e-01 3.658124984838901383e+01
-2.735565945417093303e-01 3.658124984838901383e+01
-2.603783842557465533e-01 3.658124984838901383e+01
-2.472001739697833322e-01 3.658124984838901383e+01
-2.340219636838205552e-01 3.658124984838901383e+01
-2.208437533978577783e-01 3.658124984838901383e+01
-2.076655431118950013e-01 3.658124984838901383e+01
-1.944873328259322243e-01 3.658124984838901383e+01
-1.813091225399694473e-01 3.658124984838901383e+01
-1.681309122540066703e-01 3.658124984838901383e+01
-1.549527019680438933e-01 3.658124984838901383e+01
-1.417744916820811163e-01 3.658124984838901383e+01
-1.285962813961183393e-01 3.658124984838901383e+01
-1.154180711101555623e-01 3.658124984838901383e+01
-1.022398608241927853e-01 3.658124984838901383e+01
-9.894530825270209107e-02 3.525207365165102402e+01
-9.894530825270209107e-02 3.397119294424967251e+01
-9.894530825270209107e-02 3.273685291422251709e+01
-9.894530825270209107e-02 3.154736251053106244e+01
-9.894530825270209107e-02 3.040109212631372415e+01
-9.894530825270209107e-02 2.929647136631758997e+01
-9.894530825270164698e-02 2.823198689545030149e+01
-9.894530825270164698e-02 2.720618036550461127e+01
-9.894530825270164698e-02 2.621764641721518174e+01
-9.894530825270164698e-02 2.526503075491049444e+01
-9.894530825270164698e-02 2.434702829112206857e+01
-9.894530825270164698e-02 2.346238135860913232e+01
-9.894530825270164698e-02 2.260987798734920773e+01
-9.894530825270164698e-02 2.178835024413408661e+01
-9.894530825270164698e-02 2.099667263249639859e+01
-9.894530825270120289e-02 2.023376055077473268e+01
-9.894530825270120289e-02 1.949856880620477639e+01
-9.894530825270120289e-02 1.879009018300083866e+01
-9.894530825270120289e-02 1.810735406246599766e+01
-9.894530825270120289e-02 1.744942509324032542e+01
-9.894530825270120289e-02 1.689337745726664508e+01
-9.400347939546582765e-02 3.658124984838901383e+01
-8.576709796673798181e-02 1.697171458900706043e+01
-7.258888768077520481e-02 1.697171458900706043e+01
-5.941067739481242782e-02 1.697171458900706043e+01
-4.623246710884965083e-02 1.697171458900706043e+01
-3.305425682288687383e-02 1.697171458900706043e+01
-1.987604653692409684e-02 1.697171458900706043e+01
-6.697836250961319848e-03 1.697171458900706043e+01
6.480374035001457145e-03 1.697171458900706043e+01
1.965858432096423414e-02 1.697171458900706043e+01
3.283679460692701113e-02 1.697171458900706043e+01
4.601500489288978812e-02 1.697171458900706043e+01
5.919321517885256512e-02 1.697171458900706043e+01
7.237142546481578620e-02 1.697171458900706043e+01
8.554963575077856319e-02 1.697171458900706043e+01
9.872784603674134019e-02 1.697171458900706043e+01
1.003751223224864653e-01 1.635504897088212317e+01
1.003751223224864653e-01 1.576078983871257044e+01
1.003751223224864653e-01 1.518812305498511961e+01
1.003751223224869094e-01 1.463626406379476741e+01
1.003751223224869094e-01 1.410445681599990131e+01
1.003751223224869094e-01 1.359197273343179191e+01
1.003751223224869094e-01 1.309810971073943442e+01
1.003751223224869094e-01 1.262219115350225707e+01
1.003751223224869094e-01 1.216356505129292209e+01
1.003751223224869094e-01 1.172160308442029475e+01
1.003751223224869094e-01 1.129569976312881074e+01
1.003751223224869094e-01 1.088527159807498812e+01
1.003751223224873534e-01 1.048975630094451361e+01
1.020223986082329226e-01 1.010861201411495536e+01
1.152006088941956996e-01 1.006195322387254798e+01
1.283788191801584766e-01 1.006195322387254798e+01
1.415570294661212536e-01 1.006195322387254798e+01
1.547352397520840306e-01 1.006195322387254798e+01
1.679134500380468076e-01 1.006195322387254798e+01
1.810916603240095846e-01 1.006195322387254798e+01
1.942698706099723616e-01 1.006195322387254798e+01
2.074480808959351386e-01 1.006195322387254798e+01
2.206262911818979155e-01 1.006195322387254798e+01
2.338045014678611366e-01 1.006195322387254798e+01
2.469827117538239136e-01 1.006195322387254798e+01
2.601609220397866906e-01 1.006195322387254798e+01
2.733391323257494676e-01 1.006195322387254798e+01
2.865173426117122446e-01 1.006195322387254798e+01
2.996955528976750216e-01 1.001550979877658776e+01
3.013428291834201467e-01 9.651597213014662557e+00
3.013428291834201467e-01 9.300907356074002763e+00
3.013428291834201467e-01 8.962959781373974977e+00
3.013428291834201467e-01 8.637291499314248000e+00
3.013428291834201467e-01 8.323456342977134881e+00
3.013428291834201467e-01 8.021024356877004990e+00
3.013428291834205908e-01 7.729581207919471453e+00
3.013428291834205908e-01 7.448727617763296394e+00
3.013428291834205908e-01 7.178078815807392488e+00
3.013428291834205908e-01 6.917264012053474076e+00
3.013428291834205908e-01 6.665925889122200410e+00
3.013428291834205908e-01 6.423720112726860165e+00
3.013428291834205908e-01 6.190314859933950586e+00
3.013428291834205908e-01 5.965390364564358450e+00
3.022841299181324715e-01 5.661913487436319059e+00
3.161683157551293810e-01 5.617186304162253840e+00
3.293465260410921580e-01 5.617186304162253840e+00
3.425247363270549350e-01 5.617186304162253840e+00
3.557029466130177120e-01 5.617186304162253840e+00
3.688811568989804890e-01 5.617186304162253840e+00
3.820593671849432660e-01 5.617186304162253840e+00
3.952375774709064871e-01 5.617186304162253840e+00
4.084157877568692641e-01 5.617186304162253840e+00
4.215939980428320411e-01 5.617186304162253840e+00
4.347722083287948180e-01 5.617186304162253840e+00
4.479504186147575950e-01 5.617186304162253840e+00
4.611286289007203720e-01 5.617186304162253840e+00
4.743068391866831490e-01 5.617186304162253840e+00
4.874850494726459260e-01 5.617186304162253840e+00
5.006632597586087030e-01 5.617186304162253840e+00
5.171360226160626183e-01 3.553077468506312453e+00
5.303142329020253953e-01 3.553077468506312453e+00
5.434924431879881723e-01 3.553077468506312453e+00
5.566706534739513934e-01 3.553077468506312453e+00
5.698488637599141704e-01 3.553077468506312453e+00
5.830270740458769474e-01 3.553077468506312453e+00
5.962052843318397244e-01 3.553077468506312453e+00
6.093834946178025014e-01 3.553077468506312453e+00
6.225617049037652784e-01 3.553077468506312453e+00
6.357399151897280554e-01 3.553077468506312453e+00
6.489181254756908324e-01 3.553077468506312453e+00
6.620963357616536094e-01 3.553077468506312453e+00
6.752745460476163863e-01 3.553077468506312453e+00
6.884527563335791633e-01 3.553077468506312453e+00
7.016309666195419403e-01 3.553077468506312453e+00
7.016309666195419403e-01 3.423976740240387784e+00
7.016309666195419403e-01 3.299566874525736715e+00
7.016309666195419403e-01 3.179677429322485427e+00
7.016309666195419403e-01 3.064144155585893259e+00
7.016309666195423844e-01 2.952808772244472024e+00
7.016309666195423844e-01 2.858713847711690015e+00
7.148091769055056055e-01 2.871970133724526697e+00
7.279873871914683825e-01 2.871970133724526697e+00
7.411655974774311595e-01 2.871970133724526697e+00
7.543438077633939365e-01 2.871970133724526697e+00
7.675220180493567135e-01 2.871970133724526697e+00
7.807002283353194905e-01 2.871970133724526697e+00
7.938784386212822675e-01 2.871970133724526697e+00
8.070566489072450445e-01 2.871970133724526697e+00
8.202348591932078214e-01 2.871970133724526697e+00
8.334130694791705984e-01 2.871970133724526697e+00
8.465912797651333754e-01 2.871970133724526697e+00
8.597694900510961524e-01 2.871970133724526697e+00
8.729477003370589294e-01 2.871970133724526697e+00
8.861259106230221505e-01 2.871970133724526697e+00
8.993041209089849275e-01 2.871970133724526697e+00
9.009513971947300526e-01 2.767617374994027823e+00
9.009513971947300526e-01 2.667056263720716913e+00
9.009513971947300526e-01 2.570149030758726028e+00
9.009513971947300526e-01 2.476762912790855697e+00
9.009513971947300526e-01 2.386769970442273792e+00
9.009513971947300526e-01 2.300046913003035431e+00
9.009513971947300526e-01 2.216474929519288040e+00
9.009513971947304967e-01 2.135939526021767065e+00
9.009513971947304967e-01 2.058330368668575883e+00
9.009513971947304967e-01 1.983541132587355760e+00
9.009513971947304967e-01 1.911469356209764436e+00
9.009513971947304967e-01 1.842016300898696057e+00
9.009513971947304967e-01 1.775086815675932517e+00
9.009513971947304967e-01 1.710589206864902678e+00
9.009513971947304967e-01 1.648435112469958552e+00
9.009513971947304967e-01 1.588539381120070759e+00
9.009513971947309408e-01 1.537918597753112682e+00
9.009513971947309408e-01 1.382677736900800092e+00
9.009513971947309408e-01 1.332438274245341336e+00
9.157768837664397310e-01 8.745946541860730727e-01
9.289550940524025080e-01 8.745946541860730727e-01
9.750788300532722275e-01 8.745946541860730727e-01
9.882570403392350045e-01 8.745946541860730727e-01
1.034380776340105168e+00 8.745946541860730727e-01
1.047558986626067945e+00 8.745946541860730727e-01
1.094780906817434118e+00 8.652041743958927000e-01
1.103566380341409747e+00 8.605468118542264344e-01
1.116744590627372968e+00 6.355792094084062871e-01
1.129922800913335745e+00 6.355792094084062871e-01
1.143101011199298522e+00 6.355792094084062871e-01
1.156279221485261299e+00 6.355792094084062871e-01
1.169457431771224076e+00 6.355792094084062871e-01
1.182635642057186853e+00 6.355792094084062871e-01
1.195813852343150074e+00 6.355792094084062871e-01
1.208992062629112851e+00 6.355792094084062871e-01
1.222170272915075628e+00 6.355792094084062871e-01
1.235348483201038405e+00 6.355792094084062871e-01
1.248526693487001182e+00 6.355792094084062871e-01
1.261704903772963959e+00 6.355792094084062871e-01
1.274883114058926736e+00 6.355792094084062871e-01
1.288061324344889513e+00 6.355792094084062871e-01
1.301239534630852290e+00 6.355792094084062871e-01
1.301239534630852290e+00 6.124854999318722903e-01
1.301239534630852290e+00 5.902308981692016010e-01
1.301239534630852290e+00 5.687849152222756999e-01
1.301239534630852290e+00 5.481181700041536375e-01
1.301239534630852290e+00 5.282023489868684640e-01
1.301239534630852290e+00 5.090101674117658570e-01
1.301239534630853178e+00 4.905153319092787623e-01
1.301239534630853178e+00 4.726925044768914841e-01
1.317712297488307982e+00 2.123152838948520194e-01
1.330890507774270759e+00 2.123152838948520194e-01
1.344068718060233536e+00 2.123152838948520194e-01
1.357246928346196313e+00 2.123152838948520194e-01
1.370425138632159090e+00 2.123152838948520194e-01
1.383603348918121867e+00 2.123152838948520194e-01
1.396781559204084644e+00 2.123152838948520194e-01
1.409959769490047421e+00 2.123152838948520194e-01
1.423137979776010198e+00 2.123152838948520194e-01
1.436316190061972975e+00 2.123152838948520194e-01
1.449494400347935752e+00 2.123152838948520194e-01
1.462672610633898529e+00 2.123152838948520194e-01
1.475850820919861306e+00 2.123152838948520194e-01
1.489029031205824083e+00 2.128069834828888174e-01
1.500559965206041291e+00 2.142889251450674770e-01
1.515385451777750525e+00 9.404941536919063372e-02
1.528563662063713302e+00 9.404941536919063372e-02
1.541741872349676079e+00 9.404941536919063372e-02
1.554920082635638856e+00 9.404941536919063372e-02
1.568098292921601633e+00 9.404941536919063372e-02
1.581276503207564410e+00 9.404941536919063372e-02
1.594454713493527187e+00 9.404941536919063372e-02
1.607632923779490852e+00 9.404941536919063372e-02
1.620811134065453629e+00 9.404941536919063372e-02
1.633989344351416406e+00 9.404941536919063372e-02
1.647167554637379183e+00 9.404941536919063372e-02
1.660345764923341960e+00 9.404941536919063372e-02
1.673523975209304737e+00 9.404941536919063372e-02
1.686702185495267514e+00 9.404941536919063372e-02
1.701527672066975860e+00 8.855968438619762906e-02
1.701527672066975860e+00 8.534187676714076465e-02
1.701527672066975860e+00 7.497278457193869150e-02
1.701527672066975860e+00 7.224865565154371672e-02
1.716353158638685095e+00 3.069880761942198749e-02
1.729531368924647872e+00 3.069880761942198749e-02
1.742709579210610649e+00 3.069880761942198749e-02
1.755887789496573426e+00 3.069880761942198749e-02
1.769065999782537091e+00 3.069880761942198749e-02
1.782244210068499868e+00 3.069880761942198749e-02
1.795422420354462645e+00 3.069880761942198749e-02
1.808600630640425422e+00 3.069880761942198749e-02
1.821778840926388199e+00 3.069880761942198749e-02
1.834957051212350976e+00 3.069880761942198749e-02
1.848135261498313753e+00 3.069880761942198749e-02
1.861313471784276530e+00 3.069880761942198749e-02
1.874491682070239307e+00 3.069880761942198749e-02
1.886022616070456515e+00 3.069880761942198749e-02
1.900848102642163973e+00 3.977760246674959949e-02
1.900848102642164861e+00 3.478330311215677845e-02
1.900848102642164861e+00 3.351945513724566977e-02
1.914026312928126750e+00 4.033353663949880430e-02
1.927204523214089527e+00 4.033353663949880430e-02
1.940382733500052304e+00 4.033353663949880430e-02
1.953560943786015081e+00 4.033353663949880430e-02
1.966739154071977858e+00 4.033353663949880430e-02
1.979917364357940635e+00 4.033353663949880430e-02
1.993095574643903412e+00 4.033353663949880430e-02
2.006273784929866189e+00 4.033353663949880430e-02
2.019451995215828966e+00 4.033353663949880430e-02
2.032630205501791743e+00 4.033353663949880430e-02
2.045808415787754519e+00 4.033353663949880430e-02
2.058986626073717296e+00 4.033353663949880430e-02
2.072164836359680073e+00 4.033353663949880430e-02
2.085343046645643739e+00 4.033353663949880430e-02
2.098521256931606516e+00 4.033353663949880430e-02
2.101815809503096766e+00 4.185430893111604517e-02
2.106757638360332585e+00 4.033353663949880430e-02
2.114994019789059543e+00 4.199978826221873601e-02
2.128172230075022320e+00 4.204839365579202126e-02
2.141350440360985097e+00 4.204839365579202126e-02
2.154528650646947874e+00 4.204839365579202126e-02
2.167706860932910651e+00 4.204839365579202126e-02
2.180885071218873428e+00 4.204839365579202126e-02
2.194063281504836205e+00 4.204839365579202126e-02
2.207241491790798982e+00 4.204839365579202126e-02
2.220419702076761759e+00 4.204839365579202126e-02
2.233597912362724536e+00 4.204839365579202126e-02
2.246776122648688201e+00 4.204839365579202126e-02
2.259954332934650978e+00 4.204839365579202126e-02
2.273132543220613755e+00 4.204839365579202126e-02
2.286310753506576532e+00 4.204839365579202126e-02
2.294547134935302601e+00 4.204839365579202126e-02
